[46,15]
[1,43]

[43,42]
[15,1]

[8,3]
[25,47]

[31,0]
[1,36]

[46,26]
[0,18]

[1,9]
[40,31]

[45,9]
[20,46]

[33,5]
[29,49]

[42,17]
[2,32]

[5,9]
[29,44]

[24,2]
[20,44]

[45,44]
[3,46]

[13,19]
[44,46]

[10,29]
[41,3]

[48,0]
[17,25]

[0,13]
[35,32]

[26,6]
[2,35]

[19,47]
[32,12]

[6,38]
[24,6]

[1,14]
[14,48]

[38,48]
[2,43]

[12,36]
[48,40]

[35,21]
[0,12]

[45,14]
[18,37]

[42,48]
[33,14]

[40,27]
[10,9]

[34,46]
[45,13]

[39,10]
[14,34]

[11,16]
[44,25]

[33,15]
[11,41]

[6,39]
[40,37]

[13,31]
[35,7]

[21,44]
[34,16]

[14,19]
[43,11]

[37,38]
[9,27]

[14,1]
[37,20]

[41,36]
[34,7]

[42,1]
[25,25]

[45,16]
[45,45]

[5,17]
[32,26]

[27,15]
[11,37]

[15,10]
[18,37]

[43,15]
[16,14]

[19,15]
[46,15]

[46,43]
[24,28]

[26,35]
[46,19]

[40,22]
[42,47]

[45,15]
[20,15]

[25,21]
[42,3]

[43,30]
[47,6]

[7,38]
[17,16]

[43,19]
[35,41]

[31,27]
[11,15]

[33,39]
[10,36]

[19,14]
[36,29]

[0,41]
[4,19]

[30,24]
[43,6]

[45,43]
[23,45]

[10,10]
[23,27]

[32,11]
[46,27]

[36,13]
[20,26]

[17,20]
[35,10]

[20,43]
[30,25]

[12,12]
[19,31]

[5,0]
[14,18]

[16,5]
[28,21]

[37,28]
[17,28]

[21,13]
[11,30]

[18,38]
[34,49]

[41,6]
[22,3]

[10,26]
[23,40]

[32,29]
[46,16]

[40,5]
[45,23]

[2,40]
[18,49]

[23,6]
[6,8]

[18,42]
[2,48]

[20,43]
[14,27]

[16,17]
[5,30]

[4,38]
[19,45]

[9,24]
[25,28]

[42,36]
[28,29]

[28,7]
[14,14]

[10,19]
[20,7]

[28,41]
[15,49]

[13,11]
[13,26]

[12,12]
[3,24]

[46,28]
[32,31]

[8,34]
[3,21]

[45,27]
[34,20]

[30,14]
[29,27]

[28,16]
[17,22]

[24,17]
[12,14]

[33,41]
[29,30]

[16,3]
[5,2]

[19,12]
[20,23]

[5,43]
[15,47]

[34,6]
[41,14]

[31,44]
[25,45]

[9,22]
[14,19]

[44,30]
[46,27]

